data_path: data/chunks/DRGB_80/
meta_path: data/chunks/DRGB_80/metadata/
log_path: logs/RD_PROJ_WEIGHTED_CBAM_3.txt
resize_x: 256
resize_y: 256
channels: 3

model_path: checkpoints/RD_PROJ_WEIGHTED_CBAM.pth
architecture: "wide_resnet50_2"
bn_attention: CBAM

feature_weights: [0.5013935521474101, 0.9204031020649206, 1.1948189728467433]
score_weight: 0.483015283613563

proj_loss_weight: 0.758175413875071
ssot_weight: 0.015096731092610782
contrast_weight: 0.9872387127026788
reconstruct_weight: 0.6513426603306253

num_epochs: 25
batch_size: 32
proj_lr: 0.001
distill_lr: 0.005
proj_lr_factor: 0.25
distill_lr_factor: 0.25
beta1_proj: 0.5
beta2_proj: 0.999
beta1_distill: 0.5
beta2_distill: 0.999